0.2970642309999221
0.2968885230000069
0.3056527950000145
0.29855620199987243
0.2944324750001215
0.2972953129999496
0.3062244930001725
0.3192292260000613
0.31609049099984077
0.3242496240000037
0.3306293480000022
0.33614005999993424
0.3439127819999612
0.3502134279999609
0.35735983700010365
0.39671606599995357
0.4014608939999107
0.3762854619999416
0.3883638350000638
0.39199932399992576
0.3976568609998594
0.4060716409999259
0.40654096000002937
0.41935384899989003
0.43659048700010317
0.43569774399998096
0.43574135899984867
