0.004796258999931524
0.008714734000022872
0.015507794000086506
0.022139356000025145
0.028624237000030917
0.034490062000031685
0.04136402099993575
0.04713001699997221
0.054288631999952486
0.06969470800004274
0.0730060460000459
0.07999433800000588
0.08736597300003268
0.09359709199998179
0.1016629920000014
0.10962914099991394
0.11536068300006264
0.12275023799998053
0.12913971199986918
0.13691642000003412
0.1463169779999589
0.16343097200001466
0.15906675599990194
0.16496699300000728
0.17239842899994073
0.17891676800013556
0.18806560300004094
