0.3301193970000895
0.3305266410002332
0.33592313700000886
0.3445416469999145
0.3530096810000032
0.3606044460002522
0.3668705999998565
0.37513862900004824
0.3825663190000341
0.3899955619999673
0.3962690430003022
0.401994846999969
0.4082406199995603
0.41750954499957516
0.4246835240001019
0.43296215400005167
0.43740719499965053
0.4460006889999022
0.45722601999977996
0.4615790869997909
0.4683884109999781
0.47588984200001505
0.4769886700000825
0.49411966799971196
0.4923665599999367
0.501460885999677
0.5128459359998487
